
calibraion_v8_20210830 = {'rotation_matrix':
                          [['9.99917626e-01', '1.20339785e-02', '-4.46769595e-03'],
                           ['-1.20322574e-02', '9.99927521e-01', '4.11904912e-04'],
                              ['4.47232928e-03', '-3.58114514e-04', '9.99989927e-01']],
                          'rotation_angle': ['-3.85020307e-04', '-4.47013555e-03', '-1.20334486e-02'],
                          'translation_matrix': ['1.27828896e+00', '2.21237577e-02', '2.00611138e+00']}

calibraion_v2_20210714 = {'rotation_matrix':
                          [['9.99974847e-01', '6.98940502e-03', '1.22146867e-03'],
                           ['-6.96010888e-03', '9.99721825e-01', '-2.25360990e-02'],
                              ['-1.37864286e-03', '2.25270297e-02', '9.99745309e-01']],
                          'rotation_angle': ['2.25336608e-02', '1.30017672e-03', '-6.97540585e-03'],
                          'translation_matrix': ['1.26464546e+00', '-2.10034475e-02', '2.00707340e+00']}

calibraion_v12_20211118 = {'rotation_matrix':
                           [["9.99924839e-01", "-1.13726659e-02", "-4.58624261e-03"],
                            ["1.14255212e-02", "9.99866664e-01", "1.16680861e-02"],
                            ["4.45293356e-03", "-1.17196087e-02", "9.99921381e-01"]],
                           "rotation_angle": ["-1.16944071e-02", "-4.51980438e-03", "1.13996388e-02"],
                           "translation_matrix": ["1.66035831e+00", "3.09985187e-02", "1.61256278e+00"]}

calibraion_v10_20211213 = {'rotation_matrix':
                           [["0.9995623", "0.02630333", "0.01353955"],
                            ["-0.02644964", "0.9995924", "0.01074291"],
                            ["-0.01325146", "-0.01109633", "0.99985063"]],
                           "rotation_angle": ["-0.010743122", "n", "n"],
                           "translation_matrix": ["1.7142612103593022e+00", "2.8223669267625179e-02", "1.5324056499442249e+00"]}
calibraion_v14_20211022 = {
    'rotation_matrix': [["1", "0", "0"],
                        ["0", "1", "0"],
                        ["0", "0", "1"]],
    'rotation_angle': ["0", "0", "0"],
    'translation_matrix': ["1.25", "0.0", "2.06"]
}

veh2cali = {
    'v8': calibraion_v8_20210830,
    'v2': calibraion_v2_20210714,
    'v12': calibraion_v12_20211118,
    'v10': calibraion_v10_20211213,
    'v14': calibraion_v14_20211022,
}
